-0.030133928571429
-0.020089285714286
-0.010044642857143
0.000000000000000
0.010044642857143
0.020089285714286
0.030133928571429
0.040178571428571
0.050223214285714
0.060267857142857
0.070312500000000
0.080357142857143
0.090401785714286
0.100446428571429
0.110491071428571
0.120535714285714
0.130580357142857
0.140625000000000
0.150669642857143
0.160714285714286
0.170758928571429
0.180803571428571
0.190848214285714
0.200892857142857
0.210937500000000
0.220982142857143
0.231026785714286
0.241071428571429
0.251116071428571
0.261160714285714
0.271205357142857
0.281250000000000
0.291294642857143
0.301339285714286
0.311383928571429
0.321428571428571
0.331473214285714
0.341517857142857
0.351562500000000
0.361607142857143
0.371651785714286
0.381696428571429
0.391741071428571
0.401785714285714
0.411830357142857
0.421875000000000
0.431919642857143
0.441964285714286
0.452008928571429
0.462053571428571
0.472098214285714
0.482142857142857
0.492187500000000
0.502232142857143
0.512276785714286
0.522321428571429
0.532366071428572
0.542410714285714
0.552455357142857
0.562500000000000
0.572544642857143
0.582589285714286
0.592633928571429
0.602678571428572
0.612723214285714
0.622767857142857
0.632812500000000
0.642857142857143
0.652901785714286
0.662946428571429
0.672991071428572
0.683035714285714
0.693080357142857
0.703125000000000
0.713169642857143
0.723214285714286
0.733258928571429
0.743303571428572
0.753348214285714
0.763392857142857
0.773437500000000
0.783482142857143
0.793526785714286
0.803571428571429
0.813616071428572
0.823660714285714
0.833705357142857
0.843750000000000
0.853794642857143
0.863839285714286
0.873883928571429
0.883928571428572
0.893973214285714
0.904017857142857
0.914062500000000
0.924107142857143
0.934151785714286
0.944196428571429
0.954241071428572
0.964285714285714
0.974330357142857
0.984375000000000
0.994419642857143
1.004464285714286
1.014508928571429
1.024553571428571
1.034598214285714
1.044642857142857
1.054687500000000
1.064732142857143
1.074776785714286
1.084821428571429
1.094866071428572
1.104910714285714
1.114955357142857
1.125000000000000
1.135044642857143
1.145089285714286
1.155133928571429
1.165178571428572
1.175223214285714
1.185267857142857
1.195312500000000
1.205357142857143
1.215401785714286
1.225446428571429
1.235491071428572
1.245535714285714
1.255580357142857
1.265625000000000
1.275669642857143
1.285714285714286
1.295758928571429
1.305803571428572
1.315848214285714
1.325892857142857
1.335937500000000
1.345982142857143
1.356026785714286
1.366071428571429
1.376116071428572
1.386160714285714
1.396205357142857
1.406250000000000
1.416294642857143
1.426339285714286
1.436383928571429
1.446428571428572
1.456473214285714
1.466517857142857
1.476562500000000
1.486607142857143
1.496651785714286
1.506696428571429
1.516741071428572
1.526785714285714
1.536830357142857
1.546875000000000
1.556919642857143
1.566964285714286
1.577008928571429
1.587053571428572
1.597098214285714
1.607142857142857
1.617187500000000
1.627232142857143
1.637276785714286
1.647321428571429
1.657366071428572
1.667410714285714
1.677455357142857
1.687500000000000
1.697544642857143
1.707589285714286
1.717633928571429
1.727678571428572
1.737723214285714
1.747767857142857
1.757812500000000
1.767857142857143
1.777901785714286
1.787946428571429
1.797991071428572
1.808035714285714
1.818080357142857
1.828125000000000
1.838169642857143
1.848214285714286
1.858258928571429
1.868303571428572
1.878348214285714
1.888392857142857
1.898437500000000
1.908482142857143
1.918526785714286
1.928571428571429
1.938616071428572
1.948660714285714
1.958705357142857
1.968750000000000
1.978794642857143
1.988839285714286
1.998883928571429
2.008928571428572
2.018973214285714
2.029017857142857
2.039062500000000
2.049107142857143
2.059151785714286
2.069196428571429
2.079241071428572
2.089285714285714
2.099330357142857
2.109375000000000
2.119419642857143
2.129464285714286
2.139508928571429
2.149553571428572
2.159598214285714
2.169642857142857
2.179687500000000
2.189732142857143
2.199776785714286
2.209821428571429
2.219866071428572
2.229910714285714
2.239955357142857
2.250000000000000
2.260044642857143
2.270089285714286
2.280133928571429
2.290178571428572
2.300223214285714
2.310267857142857
2.320312500000000
2.330357142857143
2.340401785714286
2.350446428571429
2.360491071428572
2.370535714285714
2.380580357142857
2.390625000000000
2.400669642857143
2.410714285714286
2.420758928571429
2.430803571428572
2.440848214285714
2.450892857142857
2.460937500000000
2.470982142857143
2.481026785714286
2.491071428571429
2.501116071428572
2.511160714285714
2.521205357142857
2.531250000000000
2.541294642857143
2.551339285714286
2.561383928571429
2.571428571428572
2.581473214285714
2.591517857142857
2.601562500000000
2.611607142857143
2.621651785714286
2.631696428571429
2.641741071428572
2.651785714285714
2.661830357142857
2.671875000000000
2.681919642857143
2.691964285714286
2.702008928571429
2.712053571428572
2.722098214285714
2.732142857142857
2.742187500000000
2.752232142857143
2.762276785714286
2.772321428571429
2.782366071428572
2.792410714285714
2.802455357142857
2.812500000000000
2.822544642857143
2.832589285714286
2.842633928571429
2.852678571428572
2.862723214285714
2.872767857142857
2.882812500000000
2.892857142857143
2.902901785714286
2.912946428571429
2.922991071428572
2.933035714285714
2.943080357142857
2.953125000000000
2.963169642857143
2.973214285714286
2.983258928571429
2.993303571428572
3.003348214285714
3.013392857142857
3.023437500000000
3.033482142857143
3.043526785714286
3.053571428571429
3.063616071428572
3.073660714285714
3.083705357142857
3.093750000000000
3.103794642857143
3.113839285714286
3.123883928571429
3.133928571428572
3.143973214285714
3.154017857142857
3.164062500000000
3.174107142857143
3.184151785714286
3.194196428571429
3.204241071428572
3.214285714285714
3.224330357142857
3.234375000000000
3.244419642857143
3.254464285714286
3.264508928571429
3.274553571428572
3.284598214285714
3.294642857142857
3.304687500000000
3.314732142857143
3.324776785714286
3.334821428571429
3.344866071428572
3.354910714285714
3.364955357142857
3.375000000000000
3.385044642857143
3.395089285714286
3.405133928571429
3.415178571428572
3.425223214285714
3.435267857142857
3.445312500000000
3.455357142857143
3.465401785714286
3.475446428571429
3.485491071428572
3.495535714285714
3.505580357142857
3.515625000000000
3.525669642857143
3.535714285714286
3.545758928571429
3.555803571428572
3.565848214285714
3.575892857142857
3.585937500000000
3.595982142857143
3.606026785714286
3.616071428571429
3.626116071428572
3.636160714285714
3.646205357142857
3.656250000000000
3.666294642857143
3.676339285714286
3.686383928571429
3.696428571428572
3.706473214285714
3.716517857142857
3.726562500000000
3.736607142857143
3.746651785714286
3.756696428571429
3.766741071428572
3.776785714285714
3.786830357142857
3.796875000000000
3.806919642857143
3.816964285714286
3.827008928571429
3.837053571428572
3.847098214285714
3.857142857142858
3.867187500000000
3.877232142857143
3.887276785714286
3.897321428571429
3.907366071428572
3.917410714285714
3.927455357142858
3.937500000000000
3.947544642857143
3.957589285714286
3.967633928571429
3.977678571428572
3.987723214285714
3.997767857142858
4.007812500000000
4.017857142857143
4.027901785714286
4.037946428571429
4.047991071428572
4.058035714285714
4.068080357142858
4.078125000000000
4.088169642857143
4.098214285714286
4.108258928571429
4.118303571428572
4.128348214285714
4.138392857142858
4.148437500000000
4.158482142857143
4.168526785714286
4.178571428571429
4.188616071428572
4.198660714285714
4.208705357142858
4.218750000000000
4.228794642857143
4.238839285714286
4.248883928571429
4.258928571428572
4.268973214285714
4.279017857142858
4.289062500000000
4.299107142857143
4.309151785714286
4.319196428571429
4.329241071428572
4.339285714285714
4.349330357142858
4.359375000000000
4.369419642857143
4.379464285714286
4.389508928571429
4.399553571428572
4.409598214285714
4.419642857142858
4.429687500000000
4.439732142857143
4.449776785714286
4.459821428571429
4.469866071428572
4.479910714285714
4.489955357142858
4.500000000000000
4.510044642857143
4.520089285714286
4.530133928571429
