# 1D z+ on bottom wall (n-projection), 2nd-order FD pipeline
# generated by 12.phase3_compute_zplus_spanavg_2nd.py
# source tau   : 25.Re5600_j257_bottomtauwall_spanavg_2nd.dat
# Re           = 5600
# z_plus(j) = Re * u_tau_local(j) * d_n(j)
TITLE     = "1D z+ on bottom wall (n-projection)"
VARIABLES = "j" "y" "z" "tau_local" "u_tau_local" "dy_step" "dz_step" "n_y" "n_z" "d_n_proj" "z_plus_proj"
ZONE T="bottom_zplus_1d_n-projection", I=257, F=POINT
DT=(SINGLE SINGLE SINGLE SINGLE SINGLE SINGLE SINGLE SINGLE SINGLE SINGLE SINGLE)
   0 -4.157677122000000e-09 9.999996597000000e-01 1.958171285533888e-04 1.399346735278247e-02 -3.326159491800000e-08 8.875016299999983e-03 -5.621194665822627e-09 1.000000000000000e+00 8.875016300000170e-03 6.954766047570020e-01
   1 2.460930753000000e-02 1.000002018000000e+00 1.870566410911197e-04 1.367686517777812e-02 5.517440000001733e-06 8.875006000000019e-03 1.573661639910856e-04 9.999999876179451e-01 8.875006758367575e-03 6.797407169619524e-01
   2 4.921882892000000e-02 9.999955990000000e-01 1.734328112094758e-04 1.316938917374210e-02 1.549288000000232e-05 8.875033999999893e-03 -1.574733053882873e-05 9.999999998760108e-01 8.875033754927982e-03 6.545211313129682e-01
   3 7.382791061000001e-02 1.000007405000000e+00 1.592322824444590e-04 1.261872744948789e-02 4.499540999999829e-05 8.874982000000031e-03 -7.703494964430449e-04 9.999997032807826e-01 8.874944704430881e-03 6.271468467851391e-01
   4 9.843774676000000e-02 9.999944522000001e-01 1.446160159383550e-04 1.202563993882883e-02 1.232959600000055e-04 8.875038799999957e-03 2.912085384024793e-03 9.999957598703687e-01 8.875360217047988e-03 5.976985632666988e-01
   5 1.230483191000000e-01 9.997359873000000e-01 1.407617656720526e-04 1.186430637129927e-02 2.792595999999981e-04 8.876165700000049e-03 2.250150188935992e-02 9.997468091535592e-01 8.880202096510340e-03 5.900016545474956e-01
   6 1.476634449000000e-01 9.987944598000000e-01 1.618896163452338e-04 1.272358504295207e-02 5.021402000000008e-04 8.880270199999929e-03 5.340147842927365e-02 9.985731230618857e-01 8.894414176306096e-03 6.337454770050273e-01
   7 1.722795540000000e-01 9.971055958000000e-01 1.926889163614703e-04 1.388124332909233e-02 7.729314000000098e-04 8.887633199999967e-03 8.332842201132716e-02 9.965221392849746e-01 8.921130403529138e-03 6.934837386509292e-01
   8 1.968872289000000e-01 9.946412402000000e-01 2.285172160807735e-04 1.511678590444323e-02 1.094811700000003e-03 8.898376799999941e-03 1.177341349654400e-01 9.930451517750537e-01 8.965386648357101e-03 7.589558508771016e-01
   9 2.214969322000000e-01 9.912078622000000e-01 2.776271827946290e-04 1.666214820467724e-02 1.472387800000002e-03 8.913344800000056e-03 1.591878446209775e-01 9.872483122927724e-01 9.034070851011839e-03 8.429513535022380e-01
  10 2.461399280000000e-01 9.866527575000000e-01 3.317149527216428e-04 1.821304347772889e-02 1.891018400000000e-03 8.933203799999956e-03 2.049607779058663e-01 9.787701872861790e-01 9.131138158689869e-03 9.313125711980602e-01
  11 2.707766866000000e-01 9.808397236000000e-01 3.876146808557188e-04 1.968793236619119e-02 2.365660800000002e-03 8.958546699999959e-03 2.548263634953287e-01 9.669868274530665e-01 9.265629390950551e-03 1.021558074763675e+00
  12 2.953763621000000e-01 9.736275884000000e-01 4.351218772480950e-04 2.085957519337570e-02 2.906003599999984e-03 8.989989500000073e-03 3.080577813241474e-01 9.513676488958638e-01 9.448002195749551e-03 1.103655348484732e+00
  13 3.199417887000000e-01 9.648684695000000e-01 4.657177116348964e-04 2.158049377643840e-02 3.508507499999980e-03 9.028175899999935e-03 3.636845218734776e-01 9.315221782382104e-01 9.685935952512659e-03 1.170552771036210e+00
  14 3.446337983000000e-01 9.543903477000000e-01 4.738970151203889e-04 2.176917580250545e-02 4.054303300000006e-03 9.073857000000074e-03 4.160138411348371e-01 9.093582814184069e-01 9.938033296315098e-03 1.211519646168362e+00
  15 3.692676980000000e-01 9.423429214000000e-01 4.568166514983925e-04 2.137326955564807e-02 4.612901800000013e-03 9.126379899999981e-03 4.611250947639065e-01 8.873351379151952e-01 1.022528234689455e-02 1.223867208943607e+00
  16 3.938410221000000e-01 9.288692654000000e-01 4.278107109357057e-04 2.068358554351024e-02 5.165894900000023e-03 9.185120099999944e-03 4.991704840410744e-01 8.665037956421192e-01 1.053760368781700e-02 1.220550392883203e+00
  17 4.183660776000000e-01 9.141020351000000e-01 3.961974130591656e-04 1.990470831384288e-02 5.717689000000026e-03 9.249500500000063e-03 5.313720543263056e-01 8.471385600248884e-01 1.087382868444847e-02 1.212066174024410e+00
  18 4.430417763000000e-01 8.980500772000000e-01 3.690848107980679e-04 1.921158012236547e-02 6.139841999999951e-03 9.319481100000027e-03 5.583379270183118e-01 8.296136204600877e-01 1.115967511068032e-02 1.200611958159055e+00
  19 4.676711647000000e-01 8.809615671000000e-01 3.425369731775078e-04 1.850775440666716e-02 6.554845800000042e-03 9.393981500000037e-03 5.808929490430771e-01 8.139799639745667e-01 1.145417643023243e-02 1.187150072087714e+00
  20 4.922557309000000e-01 8.629774995000000e-01 3.171632755378233e-04 1.780907845841057e-02 6.947720999999962e-03 9.472385699999974e-03 5.992029418042121e-01 8.005971736979703e-01 1.174666008163193e-02 1.171504269701150e+00
  21 5.168398415000000e-01 8.442011575000000e-01 2.911966912286715e-04 1.706448625739057e-02 7.349777599999996e-03 9.554244299999959e-03 6.142015718052865e-01 7.891491805684876e-01 1.205396901463539e-02 1.151890816144642e+00
  22 5.416955829000000e-01 8.245309155000000e-01 2.687613990231107e-04 1.639394397401402e-02 7.636699400000002e-03 9.639999999999982e-03 6.264800537430240e-01 7.794374524374216e-01 1.229801689202805e-02 1.129032799548561e+00
  23 5.667358940000000e-01 8.041316534000000e-01 2.484646642290748e-04 1.576276194799233e-02 7.883745300000022e-03 9.728933599999934e-03 6.362113913550220e-01 7.715147863198131e-01 1.252174469392523e-02 1.105312772389725e+00
  24 5.919124225000000e-01 7.831604584000000e-01 2.326201765230285e-04 1.525189091631030e-02 8.119759199999965e-03 9.820360999999944e-03 6.434139934693683e-01 7.655184080136804e-01 1.274203381172121e-02 1.088304614590533e+00
  25 6.172452153000000e-01 7.617156424000000e-01 2.191274603858284e-04 1.480295444787386e-02 8.332239000000019e-03 9.913853100000036e-03 6.484680066269412e-01 7.612419092386344e-01 1.295003087682465e-02 1.073512816141893e+00
  26 6.427906661000000e-01 7.398598598000000e-01 2.082936761267557e-04 1.443238289842518e-02 8.474939800000025e-03 1.000913660000002e-02 6.513031015745832e-01 7.588176789449019e-01 1.311486438045238e-02 1.059960968637796e+00
  27 6.685458241000000e-01 7.177265919000000e-01 1.988372683831199e-04 1.410096693078598e-02 8.557542500000070e-03 1.010563019999999e-02 6.519102669239411e-01 7.582961188606705e-01 1.324180997468919e-02 1.045645017518328e+00
  28 6.944568620000000e-01 6.954870812000000e-01 1.929578196508485e-04 1.389092580251037e-02 8.614665399999999e-03 1.020258699999999e-02 6.502708618767513e-01 7.597024458260400e-01 1.335279619209078e-02 1.038703126498106e+00
  29 7.205540355000000e-01 6.732523284000000e-01 1.902405408707694e-04 1.379277132670478e-02 8.632646800000088e-03 1.029952299999992e-02 6.464633588850386e-01 7.629450344678009e-01 1.343865977663309e-02 1.037995622924320e+00
  30 7.468488122000000e-01 6.511075781000000e-01 1.919128871850231e-04 1.385326269097006e-02 8.633971800000029e-03 1.039606609999999e-02 6.419872696621277e-01 7.667152963074145e-01 1.351372288251478e-02 1.048371256936922e+00
  31 7.733484166000000e-01 6.290409798000000e-01 1.959002236773290e-04 1.399643610628538e-02 8.618604699999977e-03 1.049226900000000e-02 6.378115343166797e-01 7.701924737963899e-01 1.357811210422311e-02 1.064252999660138e+00
  32 8.000334510000000e-01 6.070605712000000e-01 2.045200311510222e-04 1.430105000169646e-02 8.607731500000049e-03 1.058809610000000e-02 6.338035913888870e-01 7.734940255377212e-01 1.364544021358053e-02 1.092807087621618e+00
  33 8.269036235000000e-01 5.851519229000000e-01 2.167031237535594e-04 1.472083977745697e-02 8.603215800000008e-03 1.068361070000001e-02 6.301020666178224e-01 7.765123216304743e-01 1.371685940319230e-02 1.130772661336068e+00
  34 8.539572785000000e-01 5.632989385000000e-01 2.337379637024861e-04 1.528849121733358e-02 8.611558199999925e-03 1.077888210000000e-02 6.266730798607445e-01 7.792822665618980e-01 1.379642337348547e-02 1.181188386426431e+00
  35 8.812284852000000e-01 5.414610666000000e-01 2.525047838530740e-04 1.589039910930729e-02 8.608796099999982e-03 1.087408779999999e-02 6.234992279582899e-01 7.818239653115122e-01 1.386920016494185e-02 1.234167905307661e+00
  36 9.086960703000000e-01 5.196399846999999e-01 2.733275609437228e-04 1.653262111535019e-02 8.614269299999977e-03 1.096922020000002e-02 6.206129172641685e-01 7.841170875098045e-01 1.394727979584988e-02 1.291276517745563e+00
  37 9.363517508000000e-01 4.978266235000000e-01 2.959805855049654e-04 1.720408630253189e-02 8.630673900000052e-03 1.106431879999997e-02 6.180278875334925e-01 7.861561741987967e-01 1.403227969633128e-02 1.351910285134916e+00
  38 9.641923819000000e-01 4.760059041000000e-01 3.222500914453863e-04 1.795132561805357e-02 8.663258899999970e-03 1.115944980000000e-02 6.157893549368257e-01 7.879108263924846e-01 1.412739392368514e-02 1.420190511368067e+00
  39 9.922512458000000e-01 4.541319904000000e-01 3.508886254427383e-04 1.873202139233079e-02 8.692308199999998e-03 1.125481260000000e-02 6.139117378050631e-01 7.893746754141328e-01 1.422057407557109e-02 1.491728547651005e+00
  40 1.020525628000000e+00 4.321875300000000e-01 3.820918521675956e-04 1.954716992732185e-02 8.721136999999990e-03 1.135048290000001e-02 6.124064512615948e-01 7.905430655272235e-01 1.431392610811653e-02 1.566861777389902e+00
  41 1.048988496000000e+00 4.101718846000000e-01 4.142856058831790e-04 2.035400712103587e-02 8.763478999999963e-03 1.144646400000005e-02 6.113098459487583e-01 7.913913521426081e-01 1.441583361967688e-02 1.643151888843200e+00
  42 1.077635436000000e+00 3.880697171000000e-01 4.453613715312523e-04 2.110358669826654e-02 8.814638000000041e-03 1.154282179999999e-02 6.104097686240346e-01 7.920857998779883e-01 1.452344638038672e-02 1.716382135138253e+00
  43 1.106497987000000e+00 3.658654750000000e-01 4.721550093701681e-04 2.172912813184570e-02 8.844799000000014e-03 1.163962460000001e-02 6.088722149508727e-01 7.932683189569707e-01 1.461869779765748e-02 1.778848722369768e+00
  44 1.135591209000000e+00 3.436105502000000e-01 4.961260463254339e-04 2.227388709510385e-02 8.836805000000059e-03 1.173664840000005e-02 6.060672312678018e-01 7.954134215509447e-01 1.469118560098796e-02 1.832486932469879e+00
  45 1.164875884000000e+00 3.214103095000000e-01 5.184450711932767e-04 2.276938890689157e-02 8.815306000000023e-03 1.183343390000002e-02 6.019403929141326e-01 7.985410217254838e-01 1.475577115432532e-02 1.881487395389983e+00
  46 1.194365169000000e+00 2.993336325000000e-01 5.411873741997041e-04 2.326343427354835e-02 8.763837000000052e-03 1.192968059999999e-02 5.964183309513910e-01 8.026737659255827e-01 1.480255468976143e-02 1.928406245392873e+00
  47 1.224073332000000e+00 2.774525742000000e-01 5.635834065087677e-04 2.373991167862188e-02 8.671198000000047e-03 1.202507449999995e-02 5.893917149691114e-01 8.078473904926412e-01 1.482515731536132e-02 1.970908381614777e+00
  48 1.253994972000000e+00 2.558578696000000e-01 5.825165856703494e-04 2.413538037136248e-02 8.544845999999939e-03 1.211922009999999e-02 5.807653825466425e-01 8.140709861157392e-01 1.482845621375280e-02 2.004186413818497e+00
  49 1.284124853000000e+00 2.346417806000000e-01 5.966052412380338e-04 2.442550390960305e-02 8.383712999999959e-03 1.221171500000001e-02 5.703939154519961e-01 8.213712809779394e-01 1.481237087658330e-02 2.026077887436265e+00
  50 1.314478792000000e+00 2.138879079000000e-01 6.031238196098281e-04 2.455857934836272e-02 8.180737999999854e-03 1.230219489999998e-02 5.580749344688519e-01 8.297905564162482e-01 1.477370997446888e-02 2.031799440595075e+00
  51 1.345071857000000e+00 1.936844394000000e-01 5.994174526326104e-04 2.448300334175957e-02 7.925567000000022e-03 1.239027500000001e-02 5.436908399111607e-01 8.392855715408771e-01 1.470803721392584e-02 2.016542775851915e+00
  52 1.375854229000000e+00 1.741622338000000e-01 5.863023786999697e-04 2.421368164282272e-02 7.646752000000090e-03 1.247538519999999e-02 5.270340781376697e-01 8.498441507015135e-01 1.463223203103566e-02 1.984081165491099e+00
  53 1.406852354000000e+00 1.554078771000000e-01 5.641066627903970e-04 2.375092972475808e-02 7.327996999999975e-03 1.255714769999999e-02 5.077278672986988e-01 8.615175057816962e-01 1.453883085461761e-02 1.933740199485737e+00
  54 1.438095837000000e+00 1.375144317000000e-01 5.356523325385865e-04 2.314416411406095e-02 6.963285999999957e-03 1.263515710000002e-02 4.857795849371059e-01 8.740813433876353e-01 1.442677727476017e-02 1.869815924950704e+00
  55 1.469590710000000e+00 1.205592179000000e-01 5.024244321064628e-04 2.241482616721492e-02 6.560643000000033e-03 1.270907600000000e-02 4.619895137133839e-01 8.868853867433328e-01 1.430244205262754e-02 1.795285813307341e+00
  56 1.501285928000000e+00 1.046059707000000e-01 4.652513444005068e-04 2.156968577426446e-02 6.159275999999991e-03 1.277862680000001e-02 4.369514916323059e-01 8.994850715605585e-01 1.418548887721874e-02 1.713468610761218e+00
  57 1.533189867000000e+00 8.967217051000000e-02 4.241478650209055e-04 2.059485044910269e-02 5.753646000000057e-03 1.284373299000001e-02 4.106249879369721e-01 9.118043207189587e-01 1.407356205378627e-02 1.623120272389811e+00
  58 1.565345850000000e+00 7.576766471000000e-02 3.802263478795470e-04 1.949939352594195e-02 5.322229000000123e-03 1.290435189000000e-02 3.828607073527177e-01 9.238060828796143e-01 1.395879113123424e-02 1.524252583920443e+00
  59 1.597750051000000e+00 6.292627051000001e-02 3.336804243087239e-04 1.826692158818020e-02 4.872655000000004e-03 1.296033600999999e-02 3.536864638157940e-01 9.353640389246740e-01 1.384602435247883e-02 1.416375750466681e+00
  60 1.630379771000000e+00 5.118610347000000e-02 2.879842803897732e-04 1.697009959869927e-02 4.417887000000009e-03 1.301151914000000e-02 3.231302288141600e-01 9.463545082190440e-01 1.374106263410249e-02 1.305848328359031e+00
  61 1.663222561000000e+00 4.058059459000000e-02 2.448138207556385e-04 1.564652743440660e-02 3.961863000000010e-03 1.305775551000000e-02 2.911873166054983e-01 9.566660580621063e-01 1.364555574661907e-02 1.195631149144319e+00
  62 1.696316847000000e+00 3.112663679000000e-02 2.080071828102775e-04 1.442245411884806e-02 3.486840999999963e-03 1.309897155000000e-02 2.578904898442009e-01 9.661741536844785e-01 1.355511088495715e-02 1.094788602959477e+00
  63 1.729655127000000e+00 2.285943635000000e-02 1.767663773663979e-04 1.329535172029675e-02 3.001444999999991e-03 1.313501372000000e-02 2.232375889868194e-01 9.747640631780350e-01 1.347357468888298e-02 1.003161120742968e+00
  64 1.763227939000000e+00 1.581306565000000e-02 1.533885157218387e-04 1.238501173684703e-02 2.511154999999876e-03 1.316573349000000e-02 1.873899785388433e-01 9.822855979516405e-01 1.340307567525428e-02 9.295845974680897e-01
  65 1.797045181000000e+00 1.001704411000000e-02 1.344121115983184e-04 1.159362374748803e-02 2.012872999999971e-03 1.319100217000000e-02 1.500884845829822e-01 9.886725680403923e-01 1.334369104866828e-02 8.663297071575107e-01
  66 1.831113425000000e+00 5.512237969000000e-03 1.220784834326847e-04 1.104891322405442e-02 1.507280999999860e-03 1.321064158100000e-02 1.123824149785429e-01 9.936650304824007e-01 1.329634444810769e-02 8.226968736239665e-01
  67 1.865420848000000e+00 2.302877783000000e-03 1.130849418932308e-04 1.063414039277415e-02 1.003633999999920e-03 1.322463329700000e-02 7.343965165618230e-02 9.972996628720070e-01 1.326262886005431e-02 7.898052807404243e-01
  68 1.899950651000000e+00 4.841608314000000e-04 1.167537989961492e-04 1.080526718763350e-02 5.663360000001116e-04 1.323256227860000e-02 3.045402124885346e-02 9.995361687251614e-01 1.324367181094693e-02 8.013679097906251e-01
  69 1.934764500000000e+00 1.326994363000000e-05 1.394292526892985e-04 1.180801645871560e-02 2.517280000000621e-04 1.323461520637000e-02 3.291536643744214e-03 9.999945828785888e-01 1.323537208478885e-02 8.751875519207060e-01
  70 1.969835156000000e+00 -6.833454757000000e-06 1.632843909203985e-04 1.277827808902273e-02 9.109100000004311e-05 1.323470285475700e-02 -7.410436982239079e-04 9.999997254270810e-01 1.323463171845449e-02 9.470485052235891e-01
  71 2.005131775000000e+00 2.308574199000000e-06 1.949775600947277e-04 1.396343654315540e-02 4.322099999987117e-05 1.323466299580100e-02 3.412814290044762e-05 9.999999994176348e-01 1.323466446314606e-02 1.034887825446126e+00
  72 2.040659052000000e+00 -3.672180591000000e-07 2.301366604260832e-04 1.517025577985036e-02 3.888200000012887e-05 1.323467465805910e-02 8.666434115849388e-05 9.999999962446459e-01 1.323467797804112e-02 1.124331320508685e+00
  73 2.076462986000000e+00 -1.256698831000000e-07 2.494598825741475e-04 1.579429905295412e-02 3.518599999985383e-05 1.323467360988310e-02 -2.311412796610143e-05 9.999999997328686e-01 1.323467279305400e-02 1.170581327784346e+00
  74 2.112559849000000e+00 1.178948985000000e-07 2.733625735292770e-04 1.653367997541010e-02 2.129599999989296e-05 1.323467254510150e-02 9.739020280246705e-07 9.999999999995258e-01 1.323467256583544e-02 1.225379908384032e+00
  75 2.148890852000000e+00 -4.603056089000000e-08 3.013914445374024e-04 1.736062915154293e-02 1.739499999997562e-05 1.323467326056089e-02 2.579761710514388e-06 9.999999999966724e-01 1.323467330539181e-02 1.286668629101700e+00
  76 2.185457871000000e+00 9.749056139999999e-09 3.163828870827830e-04 1.778715511493569e-02 2.265299999981707e-05 1.323467301094386e-02 -1.508946369531932e-06 9.999999999988616e-01 1.323467297674663e-02 1.318280214343904e+00
  77 2.222287184000000e+00 1.005363574000000e-09 3.305869680156040e-04 1.818205070985129e-02 3.339000000002201e-05 1.323467305463643e-02 4.803013554908510e-07 9.999999999998846e-01 1.323467307067216e-02 1.347547582635882e+00
  78 2.259439811000000e+00 -1.933682469000000e-09 3.394068076245192e-04 1.842299670587061e-02 1.629499999999950e-05 1.323467306368247e-02 -5.826789849886839e-08 9.999999999999983e-01 1.323467306273297e-02 1.365405094132822e+00
  79 2.296836822000000e+00 8.835101990000000e-10 3.395683885561523e-04 1.842738148940734e-02 1.209300000004632e-05 1.323467305648980e-02 -3.377318086739823e-08 9.999999999999994e-01 1.323467305608137e-02 1.365730068035155e+00
  80 2.334477711000000e+00 -2.279977196000000e-10 3.487831873414819e-04 1.867573793298358e-02 1.557300000021300e-05 1.323467305799772e-02 2.568339941253548e-08 9.999999999999998e-01 1.323467305839768e-02 1.384136799737179e+00
  81 2.372361492000000e+00 6.147919672000000e-12 3.586678276868857e-04 1.893852760081643e-02 2.953399999983120e-05 1.323467305385208e-02 -9.473063723582170e-09 9.999999999999998e-01 1.323467305357230e-02 1.403613237112018e+00
  82 2.410596315000000e+00 2.964777620000000e-11 3.742268365325020e-04 1.934494343575349e-02 1.131300000034585e-05 1.323467306035222e-02 1.734093947205554e-09 1.000000000000000e+00 1.323467306037184e-02 1.433734409764069e+00
  83 2.449088852000000e+00 -1.634561175000000e-11 3.987114162843949e-04 1.996775942073609e-02 6.179999999744723e-06 1.323467305634561e-02 3.554127613962403e-10 1.000000000000000e+00 1.323467305634781e-02 1.479893898567006e+00
  84 2.487832988000000e+00 4.949783785000000e-12 4.086615908029352e-04 2.021538005586180e-02 7.423000000006397e-06 1.323467305505022e-02 -4.183257284777014e-10 1.000000000000000e+00 1.323467305504711e-02 1.498246096047966e+00
  85 2.526829845000000e+00 -5.510223170000000e-13 4.177575366246405e-04 2.043911780446114e-02 1.820999999990747e-05 1.323467306055102e-02 1.790557051035642e-10 1.000000000000000e+00 1.323467306055428e-02 1.514828234013905e+00
  86 2.566155624000000e+00 -4.100760868000000e-13 4.225102595311210e-04 2.055505435485689e-02 1.275100000031060e-05 1.323467306041008e-02 -4.209725096911085e-11 1.000000000000000e+00 1.323467306040954e-02 1.523420775102678e+00
  87 2.605775057000000e+00 2.910617095000000e-13 4.153304361306706e-04 2.037965740955109e-02 2.123000000242570e-06 1.323467305970894e-02 -1.595132755919353e-12 1.000000000000000e+00 1.323467305970893e-02 1.510421376151987e+00
  88 2.645653389000000e+00 -1.019149664000000e-13 4.179625907021418e-04 2.044413340550638e-02 4.319999997726143e-07 1.323467306010192e-02 6.454824362465147e-12 1.000000000000000e+00 1.323467306010192e-02 1.515199961066316e+00
  89 2.685792762000000e+00 1.759504587000000e-14 4.246480603835712e-04 2.060699057076436e-02 1.100699999989629e-05 1.323467305998241e-02 -3.257395284550346e-12 1.000000000000000e+00 1.323467305998237e-02 1.527269984543552e+00
  90 2.726242298000000e+00 4.708533403000000e-15 4.296822289618509e-04 2.072877779710736e-02 1.467000000010543e-05 1.323467305999529e-02 9.185538808622534e-13 1.000000000000000e+00 1.323467305999531e-02 1.536296143636831e+00
  91 2.767023115000000e+00 -4.894396563000000e-15 4.258763162215759e-04 2.063677097371524e-02 -1.390000003986813e-07 1.323467306000489e-02 -5.811242770009615e-14 1.000000000000000e+00 1.323467306000489e-02 1.529477134367393e+00
  92 2.808070415000000e+00 1.982540380000000e-15 4.113650609983324e-04 2.028213649984469e-02 -3.475000000197070e-06 1.323467305999802e-02 -8.883935091607573e-14 1.000000000000000e+00 1.323467305999802e-02 1.503193694988703e+00
  93 2.849386630000000e+00 -5.575894817000000e-16 4.024680109892973e-04 2.006160539411782e-02 3.318999999724070e-06 1.323467306000056e-02 5.478272294173322e-14 1.000000000000000e+00 1.323467306000056e-02 1.486849215319401e+00
  94 2.890990074000000e+00 6.195438687000000e-17 3.977308995636912e-04 1.994319180983052e-02 1.655300000003024e-05 1.323467305999994e-02 -2.107583027428020e-14 1.000000000000000e+00 1.323467305999994e-02 1.478073090905462e+00
  95 2.932965972000000e+00 1.239087737000000e-16 3.833422348532211e-04 1.957912753043968e-02 1.233000000322448e-06 1.323467305999988e-02 2.794420354422544e-15 1.000000000000000e+00 1.323467305999988e-02 1.451090769326307e+00
  96 2.975216761000000e+00 6.195438687000000e-17 3.858487604638017e-04 1.964303338244380e-02 -4.514000000011009e-06 1.323467305999994e-02 1.510292710957861e-15 1.000000000000000e+00 1.323467305999994e-02 1.455827098450527e+00
  97 3.017743628000000e+00 0.000000000000000e+00 3.969831440684821e-04 1.992443585320503e-02 -3.304999999897973e-06 1.323467306000000e-02 1.985123920572130e-15 1.000000000000000e+00 1.323467306000000e-02 1.476683008763820e+00
  98 3.060547647000000e+00 -6.195438687000000e-17 3.897374999212851e-04 1.974177043533039e-02 1.366100000010917e-05 1.323467306000006e-02 -1.224798876845634e-15 1.000000000000000e+00 1.323467306000006e-02 1.463144913088168e+00
  99 3.103739753000000e+00 6.195438687000000e-17 3.744040813967890e-04 1.934952406124732e-02 7.379999997780828e-07 1.323467305999994e-02 -1.262338017767574e-15 1.000000000000000e+00 1.323467305999994e-02 1.434073898976379e+00
 100 3.147229266000000e+00 0.000000000000000e+00 3.784197922631128e-04 1.945301499159225e-02 -4.882999999900051e-06 1.323467306000000e-02 2.342878013398002e-15 1.000000000000000e+00 1.323467306000000e-02 1.441744043292012e+00
 101 3.191001935000000e+00 -6.195438687000000e-17 3.865949848591594e-04 1.966201883986381e-02 -4.601000000103994e-06 1.323467306000006e-02 -2.586929718913293e-16 1.000000000000000e+00 1.323467306000006e-02 1.457234189852892e+00
 102 3.235059838000000e+00 0.000000000000000e+00 3.725085227351891e-04 1.930047985764057e-02 5.867999999686901e-06 1.323467306000000e-02 -8.170223489195946e-16 1.000000000000000e+00 1.323467306000000e-02 1.430439028575134e+00
 103 3.279482452000000e+00 0.000000000000000e+00 3.492811001972593e-04 1.868906365223414e-02 2.429000000248038e-06 1.323467306000000e-02 -8.102819740568648e-16 1.000000000000000e+00 1.323467306000000e-02 1.385124424515151e+00
 104 3.324246497000000e+00 6.195438687000000e-17 3.294614986282260e-04 1.815107431058079e-02 -6.645999999665975e-06 1.323467305999994e-02 -2.298915276509759e-16 1.000000000000000e+00 1.323467305999994e-02 1.345251791454483e+00
 105 3.369303667000000e+00 0.000000000000000e+00 3.218678910805755e-04 1.794067699616086e-02 -8.432000000002660e-06 1.323467306000000e-02 2.056014763061798e-15 1.000000000000000e+00 1.323467306000000e-02 1.329658369307811e+00
 106 3.414655010000000e+00 -6.195438687000000e-17 3.230982253364469e-04 1.797493324984677e-02 -1.832000000145939e-06 1.323467306000006e-02 -2.268929149918632e-16 1.000000000000000e+00 1.323467306000006e-02 1.332197243087460e+00
 107 3.460343787000000e+00 0.000000000000000e+00 3.107631360812896e-04 1.762847514906747e-02 4.722000000345616e-06 1.323467306000000e-02 -7.875875502705894e-16 1.000000000000000e+00 1.323467306000000e-02 1.306519788807760e+00
 108 3.506420393000000e+00 0.000000000000000e+00 2.951107930026252e-04 1.717878904354510e-02 -8.816999999883279e-06 1.323467306000000e-02 -7.816291503628663e-16 1.000000000000000e+00 1.323467306000000e-02 1.273191676724965e+00
 109 3.552798373000000e+00 6.195438687000000e-17 2.795710802129439e-04 1.672037918867105e-02 -1.101199999986591e-05 1.323467305999994e-02 -2.219218757166564e-16 1.000000000000000e+00 1.323467305999994e-02 1.239217011207215e+00
 110 3.599478832000000e+00 0.000000000000000e+00 2.727278574971212e-04 1.651447418167231e-02 -5.428000000140543e-06 1.323467306000000e-02 1.984802494351746e-15 1.000000000000000e+00 1.323467306000000e-02 1.223956532692567e+00
 111 3.646471868000000e+00 -6.195438687000000e-17 2.645883072574353e-04 1.626617063901136e-02 1.064700000030783e-05 1.323467306000006e-02 -1.968455379256532e-16 1.000000000000000e+00 1.323467306000006e-02 1.205553721934731e+00
 112 3.693898569000000e+00 0.000000000000000e+00 2.545791906888635e-04 1.595553793166697e-02 -9.364999999927903e-06 1.323467306000000e-02 -9.545680916155433e-16 1.000000000000000e+00 1.323467306000000e-02 1.182531436923430e+00
 113 3.741634640000000e+00 0.000000000000000e+00 3.063350676074432e-04 1.750243033431195e-02 -1.443500000020137e-05 1.323467306000000e-02 1.940462867631350e-16 1.000000000000000e+00 1.323467306000000e-02 1.297178082088253e+00
 114 3.789683072000000e+00 0.000000000000000e+00 4.904330371026186e-04 2.214572277218828e-02 -1.040999999979419e-05 1.323467306000000e-02 -2.142555732770599e-17 1.000000000000000e+00 1.323467306000000e-02 1.641311843176929e+00
 115 3.838046283000000e+00 0.000000000000000e+00 7.999598638902087e-04 2.828356172567749e-02 4.879000000013178e-06 1.323467306000000e-02 -0.000000000000000e+00 1.000000000000000e+00 1.323467306000000e-02 2.096212677505358e+00
 116 3.886832929000000e+00 0.000000000000000e+00 9.289679926202894e-04 3.047897623970151e-02 -8.634999999923565e-06 1.323467306000000e-02 -0.000000000000000e+00 1.000000000000000e+00 1.323467306000000e-02 2.258924000121363e+00
 117 3.935968622000000e+00 0.000000000000000e+00 8.843805471118993e-04 2.973853639828126e-02 -1.660399999980910e-05 1.323467306000000e-02 -0.000000000000000e+00 1.000000000000000e+00 1.323467306000000e-02 2.204046916479310e+00
 118 3.985426164000000e+00 0.000000000000000e+00 7.917627104346233e-04 2.813827838434014e-02 -1.485000000034375e-05 1.323467306000000e-02 -0.000000000000000e+00 1.000000000000000e+00 1.323467306000000e-02 2.085445123372838e+00
 119 4.035206560000000e+00 0.000000000000000e+00 7.208833678195609e-04 2.684927127166696e-02 -2.720999999539231e-06 1.323467306000000e-02 -0.000000000000000e+00 1.000000000000000e+00 1.323467306000000e-02 1.989911432206671e+00
 120 4.085387716000000e+00 0.000000000000000e+00 6.573664538818114e-04 2.563915860323446e-02 -3.634999999668764e-06 1.323467306000000e-02 -0.000000000000000e+00 1.000000000000000e+00 1.323467306000000e-02 1.900224937224848e+00
 121 4.135962473000000e+00 0.000000000000000e+00 5.897252015417668e-04 2.428425830742555e-02 -1.701100000062183e-05 1.323467306000000e-02 -0.000000000000000e+00 1.000000000000000e+00 1.323467306000000e-02 1.799807627538850e+00
 122 4.186867961000000e+00 0.000000000000000e+00 5.236074113473003e-04 2.288246952029654e-02 -1.922199999970786e-05 1.323467306000000e-02 -0.000000000000000e+00 1.000000000000000e+00 1.323467306000000e-02 1.695915216276623e+00
 123 4.238106103000000e+00 0.000000000000000e+00 4.712136517561396e-04 2.170745613277013e-02 -1.058299999989742e-05 1.323467306000000e-02 -0.000000000000000e+00 1.000000000000000e+00 1.323467306000000e-02 1.608830075336426e+00
 124 4.289717416000000e+00 0.000000000000000e+00 4.360859232601464e-04 2.088267040538988e-02 -1.847000000054777e-06 1.323467306000000e-02 -0.000000000000000e+00 1.000000000000000e+00 1.323467306000000e-02 1.547701766436407e+00
 125 4.341775707000000e+00 0.000000000000000e+00 4.073030236711154e-04 2.018174976732977e-02 -1.690700000001044e-05 1.323467306000000e-02 -0.000000000000000e+00 1.000000000000000e+00 1.323467306000000e-02 1.495753615716308e+00
 126 4.394175077000000e+00 0.000000000000000e+00 3.748958936059119e-04 1.936222852891454e-02 -2.044299999948151e-05 1.323467306000000e-02 -0.000000000000000e+00 1.000000000000000e+00 1.323467306000000e-02 1.435015480041856e+00
 127 4.446916846000000e+00 0.000000000000000e+00 3.292344102059535e-04 1.814481772313940e-02 -8.924999999493366e-06 1.323467306000000e-02 -0.000000000000000e+00 1.000000000000000e+00 1.323467306000000e-02 1.344788089674644e+00
 128 4.500002127000000e+00 0.000000000000000e+00 2.780152834041149e-04 1.667379031306664e-02 -1.399699999993231e-05 1.323467306000000e-02 -0.000000000000000e+00 1.000000000000000e+00 1.323467306000000e-02 1.235764115400819e+00
 129 4.553084350000000e+00 0.000000000000000e+00 2.282243794882830e-04 1.510709699076176e-02 -1.646099999952355e-05 1.323467306000000e-02 -0.000000000000000e+00 1.000000000000000e+00 1.323467306000000e-02 1.119649941527274e+00
 130 4.605825048000000e+00 0.000000000000000e+00 1.927956599564111e-04 1.388508768270518e-02 -3.446000000018046e-06 1.323467306000000e-02 -0.000000000000000e+00 1.000000000000000e+00 1.323467306000000e-02 1.029081736984202e+00
 131 4.658224372000000e+00 0.000000000000000e+00 1.672876120306381e-04 1.293397123974837e-02 -7.161000000088791e-06 1.323467306000000e-02 -0.000000000000000e+00 1.000000000000000e+00 1.323467306000000e-02 9.585905320628706e-01
 132 4.710282849000000e+00 0.000000000000000e+00 1.468088935240658e-04 1.211647199163460e-02 -2.266100000003490e-05 1.323467306000000e-02 -0.000000000000000e+00 1.000000000000000e+00 1.323467306000000e-02 8.980022545196138e-01
 133 4.761894162000000e+00 0.000000000000000e+00 1.190488201824115e-04 1.091094955457184e-02 -1.381499999997260e-05 1.323467306000000e-02 -0.000000000000000e+00 1.000000000000000e+00 1.323467306000000e-02 8.086559607219014e-01
 134 4.813132303000000e+00 0.000000000000000e+00 8.157057257674305e-05 9.031642850375731e-03 -5.224999999775548e-06 1.323467306000000e-02 -0.000000000000000e+00 1.000000000000000e+00 1.323467306000000e-02 6.693727057886921e-01
 135 4.864039035000000e+00 0.000000000000000e+00 3.161490437323542e-05 5.622713257248267e-03 -7.375000000031662e-06 1.323467306000000e-02 -0.000000000000000e+00 1.000000000000000e+00 1.323467306000000e-02 4.167227213509276e-01
 136 4.914615609000000e+00 0.000000000000000e+00 2.484715908563299e-05 4.984692476535838e-03 -2.107900000059004e-05 1.323467306000000e-02 -0.000000000000000e+00 1.000000000000000e+00 1.323467306000000e-02 3.694363412969239e-01
 137 4.964794319000000e+00 0.000000000000000e+00 8.306764749401725e-05 9.114145461534901e-03 -2.188599999985996e-05 1.323467306000000e-02 -0.000000000000000e+00 1.000000000000000e+00 1.323467306000000e-02 6.754873182663045e-01
 138 5.014574189000000e+00 0.000000000000000e+00 1.334425168080291e-04 1.155173219945949e-02 -9.499999999995623e-06 1.323467306000000e-02 -0.000000000000000e+00 1.000000000000000e+00 1.323467306000000e-02 8.561470340445176e-01
 139 5.064031643000000e+00 0.000000000000000e+00 1.713188572657234e-04 1.308888296478058e-02 -7.617999999709468e-06 1.323467306000000e-02 -0.000000000000000e+00 1.000000000000000e+00 1.323467306000000e-02 9.700716858530573e-01
 140 5.113167389000000e+00 0.000000000000000e+00 1.938715292158049e-04 1.392377568103583e-02 -1.612899999958728e-05 1.323467306000000e-02 -0.000000000000000e+00 1.000000000000000e+00 1.323467306000000e-02 1.031949065836014e+00
 141 5.161954238000000e+00 0.000000000000000e+00 2.051056771387390e-04 1.432151099356276e-02 -2.981799999979273e-05 1.323467306000000e-02 -0.000000000000000e+00 1.000000000000000e+00 1.323467306000000e-02 1.061426888059994e+00
 142 5.210317267000000e+00 0.000000000000000e+00 2.129247207209313e-04 1.459194026580877e-02 -1.375699999961455e-05 1.323467306000000e-02 -0.000000000000000e+00 1.000000000000000e+00 1.323467306000000e-02 1.081469528882560e+00
 143 5.258365495000000e+00 0.000000000000000e+00 2.315125862256097e-04 1.521553765811809e-02 -1.004199999954380e-05 1.323467306000000e-02 -0.000000000000000e+00 1.000000000000000e+00 1.323467306000000e-02 1.127686931488942e+00
 144 5.306101563000000e+00 0.000000000000000e+00 2.698369004534334e-04 1.642671301427749e-02 -1.407500000016881e-05 1.323467306000000e-02 -0.000000000000000e+00 1.000000000000000e+00 1.323467306000000e-02 1.217452186688694e+00
 145 5.353528660000000e+00 0.000000000000000e+00 3.014035819748541e-04 1.736097871592653e-02 -3.197500000062803e-05 1.323467306000000e-02 -0.000000000000000e+00 1.000000000000000e+00 1.323467306000000e-02 1.286694512918675e+00
 146 5.400521489000000e+00 0.000000000000000e+00 2.690424079187481e-04 1.640251224412737e-02 -1.820299999977237e-05 1.323467306000000e-02 -0.000000000000000e+00 1.000000000000000e+00 1.323467306000000e-02 1.215658566716566e+00
 147 5.447202036000000e+00 0.000000000000000e+00 1.609851167380883e-04 1.268799104421532e-02 -1.370699999991842e-05 1.323467306000000e-02 4.438424484057486e-17 1.000000000000000e+00 1.323467306000000e-02 9.403599142470277e-01
 148 5.493580055000000e+00 0.000000000000000e+00 8.304940948748970e-05 9.113144873614689e-03 -1.541099999968765e-05 1.323467306000000e-02 -4.019815022833596e-16 1.000000000000000e+00 1.323467306000000e-02 6.754131605239505e-01
 149 5.539656455000000e+00 0.000000000000000e+00 5.080049281435521e-05 7.127446444159031e-03 -2.911400000016329e-05 1.323467306000000e-02 1.980230902146555e-15 1.000000000000000e+00 1.323467306000000e-02 5.282447712701842e-01
 150 5.585345028000000e+00 -1.239087737000000e-16 4.567207271216597e-05 6.758111623239585e-03 -2.251799999974935e-05 1.323467306000012e-02 4.084084332402341e-16 1.000000000000000e+00 1.323467306000012e-02 5.008718278847507e-01
 151 5.630696332000000e+00 0.000000000000000e+00 4.883293097549131e-05 6.988056308838053e-03 -1.549600000050333e-05 1.323467306000000e-02 -4.112025984379349e-15 1.000000000000000e+00 1.323467306000000e-02 5.179139872051153e-01
 152 5.675753601000000e+00 1.239087737000000e-16 5.460484068650281e-05 7.389508825795041e-03 -1.728900000053102e-05 1.323467305999988e-02 4.138032397985182e-16 1.000000000000000e+00 1.323467305999988e-02 5.476673069469333e-01
 153 5.720517810000000e+00 0.000000000000000e+00 5.935816232851091e-05 7.704424853842817e-03 -2.721099999991594e-05 1.323467306000000e-02 2.037276300884377e-15 1.000000000000000e+00 1.323467306000000e-02 5.710070467133087e-01
 154 5.764940425000000e+00 0.000000000000000e+00 5.338158585701206e-05 7.306270310973449e-03 -3.060299999990690e-05 1.323467306000000e-02 -4.201832180637279e-16 1.000000000000000e+00 1.323467306000000e-02 5.414981535808215e-01
 155 5.808998330000000e+00 0.000000000000000e+00 6.558258257606517e-05 8.098307389576242e-03 -1.725999999990790e-05 1.323467306000000e-02 4.703502756057449e-17 1.000000000000000e+00 1.323467306000000e-02 6.001993235863723e-01
 156 5.852771114000000e+00 0.000000000000000e+00 1.355150319874857e-04 1.164109238806590e-02 -1.744600000019858e-05 1.323467306000000e-02 -0.000000000000000e+00 1.000000000000000e+00 1.323467306000000e-02 8.627698901769180e-01
 157 5.896260780000000e+00 0.000000000000000e+00 2.170288762803736e-04 1.473189995487254e-02 -2.564300000074127e-05 1.323467306000000e-02 -0.000000000000000e+00 1.000000000000000e+00 1.323467306000000e-02 1.091842524950054e+00
 158 5.939452886000000e+00 0.000000000000000e+00 2.308954898373988e-04 1.519524563267731e-02 -3.846099999993413e-05 1.323467306000000e-02 -0.000000000000000e+00 1.000000000000000e+00 1.323467306000000e-02 1.126183004883311e+00
 159 5.982256902000000e+00 0.000000000000000e+00 1.541786812690511e-04 1.241687083242196e-02 -2.185399999987681e-05 1.323467306000000e-02 -4.841782884125951e-17 1.000000000000000e+00 1.323467306000000e-02 9.202660650139859e-01
 160 6.024783636000000e+00 0.000000000000000e+00 9.916981572072399e-05 9.958404275822707e-03 -1.810400000046286e-05 1.323467306000000e-02 5.846287592637247e-16 1.000000000000000e+00 1.323467306000000e-02 7.380588588229897e-01
 161 6.067035281000000e+00 0.000000000000000e+00 7.869370543875007e-05 8.870947268400939e-03 -2.260299999967685e-05 1.323467306000000e-02 -4.313933975228986e-15 1.000000000000000e+00 1.323467306000000e-02 6.574628862468044e-01
 162 6.109013801000000e+00 1.239087737000000e-16 7.433001088959930e-05 8.621485422454724e-03 -4.143899999942136e-05 1.323467305999988e-02 1.571427003858249e-14 1.000000000000000e+00 1.323467305999988e-02 6.389742288033619e-01
 163 6.150614393000000e+00 -3.717263214000000e-16 7.349149247847982e-05 8.572717916651628e-03 -2.775000000010408e-05 1.323467306000037e-02 -5.301731400675692e-14 1.000000000000000e+00 1.323467306000037e-02 6.353598656299542e-01
 164 6.191929703000000e+00 1.982540380000000e-15 7.562671412029767e-05 8.696362119892298e-03 -2.068999999949028e-05 1.323467305999802e-02 9.082063962304574e-14 1.000000000000000e+00 1.323467305999802e-02 6.445236530215047e-01
 165 6.232976970000000e+00 -4.832442175000000e-15 7.997109260833080e-05 8.942655791672338e-03 -2.403600000011608e-05 1.323467306000483e-02 5.732996531497726e-14 1.000000000000000e+00 1.323467306000483e-02 6.627775038692756e-01
 166 6.273757969000000e+00 4.708533403000000e-15 8.280995147469481e-05 9.099997333774049e-03 -3.890700000042102e-05 1.323467305999529e-02 -9.159328931240702e-13 1.000000000000000e+00 1.323467305999533e-02 6.744387415322408e-01
 167 6.314207500000000e+00 1.759504587000000e-14 8.455029648768652e-05 9.195123516717245e-03 -3.517100000038909e-05 1.323467305998241e-02 3.248716787343415e-12 1.000000000000000e+00 1.323467305998229e-02 6.814889395434811e-01
 168 6.354346707000000e+00 -1.016051945000000e-13 8.442815069462697e-05 9.188479237318163e-03 -2.462200000064030e-05 1.323467306010160e-02 -6.440285142712059e-12 1.000000000000000e+00 1.323467306010176e-02 6.809965043024588e-01
 169 6.394225045000000e+00 2.904421656000000e-13 8.397655096778967e-05 9.163872051037688e-03 -2.620699999944520e-05 1.323467305970956e-02 1.593621139317464e-12 1.000000000000000e+00 1.323467305970952e-02 6.791727631163634e-01
 170 6.433844641000000e+00 -4.091467711000000e-13 8.379173696931584e-05 9.153782659060451e-03 -3.668200000017663e-05 1.323467306040915e-02 4.199603753217784e-11 1.000000000000000e+00 1.323467306040761e-02 6.784249962486845e-01
 171 6.473170420000000e+00 -5.496593203000000e-13 8.113757023626345e-05 9.007639548531204e-03 -4.210699999962486e-05 1.323467306054966e-02 -1.786240465616119e-10 1.000000000000000e+00 1.323467306055718e-02 6.675937210440701e-01
 172 6.512167277000000e+00 4.937764632000000e-12 7.788005621919973e-05 8.824967774400070e-03 -3.134699999929325e-05 1.323467305506223e-02 4.173184097582171e-10 1.000000000000000e+00 1.323467305504915e-02 6.540551540069663e-01
 173 6.550911412000000e+00 -1.630627071000000e-11 7.605063288173696e-05 8.720701398496393e-03 -3.001799999946542e-05 1.323467305630627e-02 -3.545425851621443e-10 1.000000000000000e+00 1.323467305631691e-02 6.463275382528465e-01
 174 6.589403891000000e+00 2.957603302000000e-11 7.137615019947933e-05 8.448440696334403e-03 -3.580399999947304e-05 1.323467306042397e-02 -1.729996595510235e-09 1.000000000000000e+00 1.323467306048591e-02 6.261491627265825e-01
 175 6.627638509000000e+00 6.132864757000000e-12 6.762754474110727e-05 8.223596825058197e-03 -5.360399999965182e-05 1.323467305386714e-02 9.449967632765534e-09 1.000000000000000e+00 1.323467305336058e-02 6.094850456928763e-01
 176 6.665525080000000e+00 -2.274724703000000e-10 6.388426843468660e-05 7.992763504238481e-03 -3.672800000042997e-05 1.323467305747247e-02 -2.561885424520089e-08 9.999999999999997e-01 1.323467305841339e-02 5.923770261461632e-01
 177 6.703165120000000e+00 8.813036312000000e-10 5.854246514676506e-05 7.651304800278516e-03 -3.421800000058539e-05 1.323467305869637e-02 3.369238246899620e-08 9.999999999999994e-01 1.323467305754348e-02 5.670700979736752e-01
 178 6.740560417000000e+00 -1.928989486000000e-09 5.386947150870108e-05 7.339582515967859e-03 -4.086800000013824e-05 1.323467306898948e-02 5.812771140761485e-08 9.999999999999983e-01 1.323467306661390e-02 5.439670602479125e-01
 179 6.777712946000000e+00 1.002937688000000e-09 4.793540664963940e-05 6.923540037411454e-03 -5.718199999993345e-05 1.323467305706231e-02 -4.791423486608558e-07 9.999999999998852e-01 1.323467308445911e-02 5.131324183009045e-01
 180 6.814542261000000e+00 9.725557770000001e-09 4.075488276032176e-05 6.383955103250787e-03 -4.638899999953594e-05 1.323467301444223e-02 1.505317305014536e-06 9.999999999988669e-01 1.323467294459707e-02 4.731415241532871e-01
 181 6.851109433000000e+00 -4.591998489000000e-08 3.565173837002504e-05 5.970907667183025e-03 -4.131100000037691e-05 1.323467325998489e-02 -2.573553657842966e-06 9.999999999966884e-01 1.323467336625714e-02 4.425288709813872e-01
 182 6.887440505000000e+00 1.176104640000000e-07 2.993041566161237e-05 5.470869735390559e-03 -4.565299999992334e-05 1.323467254953600e-02 -9.714118216063734e-07 9.999999999995282e-01 1.323467259387762e-02 4.054689506092284e-01
 183 6.923537656000000e+00 -1.253775373000000e-07 2.528831702727193e-05 5.028749051928514e-03 -5.946399999956498e-05 1.323467360753730e-02 2.305699839765570e-05 9.999999997341874e-01 1.323467223295800e-02 3.727015344868043e-01
 184 6.959344239000000e+00 -3.663721694000000e-07 2.169117395818286e-05 4.657378442663089e-03 -6.304999999962035e-05 1.323467465216940e-02 -8.645213462483437e-05 9.999999962630143e-01 1.323468005351870e-02 3.451779160300865e-01
 185 6.994869819000000e+00 2.302794268000000e-06 1.319527526574334e-05 3.632530146570478e-03 -6.720000000015602e-05 1.323466301573200e-02 -3.453377214234276e-05 9.999999994037093e-01 1.323466532850978e-02 2.692217963992640e-01
 186 7.030165188000000e+00 -6.816890835000000e-06 6.138641650887536e-08 2.477628230967579e-04 -1.153750000000286e-04 1.323470278083500e-02 7.410024596386313e-04 9.999997254576397e-01 1.323461365418968e-02 1.836265335271883e-02
 187 7.065235768000000e+00 1.324463408000000e-05 1.366921606704369e-05 3.697190293593730e-03 -2.757749999995340e-04 1.323461531592000e-02 -3.288571848524067e-03 9.999945926329789e-01 1.323545065739913e-02 2.740302863304990e-01
 188 7.100049616000000e+00 4.840800700000000e-04 2.659905473263973e-05 5.157427142736941e-03 -5.905539999995213e-04 1.323256263000000e-02 -3.045823602278316e-02 9.995360402998885e-01 1.324441048732666e-02 3.825196599665747e-01
 189 7.134579231000000e+00 2.303133971000000e-03 3.187172927452406e-05 5.645505227570342e-03 -1.028585000000248e-03 1.322463217900000e-02 -7.345096059988639e-02 9.972988300338840e-01 1.326446075605381e-02 4.193536622195391e-01
 190 7.168886694000000e+00 5.512782051000000e-03 3.314549503718500e-05 5.757212436343217e-03 -1.530175000000078e-03 1.321063920900000e-02 -1.123867376010619e-01 9.936645415890565e-01 1.329891512991812e-02 4.287622056246903e-01
 191 7.202955085000000e+00 1.001765985000000e-02 2.898881148561608e-05 5.384125879436335e-03 -2.034875000000547e-03 1.319099948000000e-02 -1.500892674967850e-01 9.886724491874337e-01 1.334699066131937e-02 4.024265158603462e-01
 192 7.236772326000000e+00 1.581377973000000e-02 2.055149714598623e-05 4.533375910509323e-03 -2.536502999999968e-03 1.316573038000000e-02 -1.873963718112926e-01 9.822843782896905e-01 1.340782274033644e-02 3.403831234911538e-01
 193 7.270345220000000e+00 2.286038611000000e-02 7.177279021838493e-06 2.679044423267090e-03 -3.027491000000104e-03 1.313500957000000e-02 -2.232357376442255e-01 9.747644871652017e-01 1.347938505400735e-02 2.022264796048455e-01
 194 7.303685351000000e+00 3.112772254000000e-02 1.012298886746072e-05 3.181664480654853e-03 -3.513335000000062e-03 1.309896680000000e-02 -2.578835390256989e-01 9.661760089650232e-01 1.356193872797221e-02 2.416374169417972e-01
 195 7.336780189000000e+00 4.058196669000000e-02 3.341176160836485e-05 5.780290789256614e-03 -3.987862999999869e-03 1.305774955000000e-02 -2.912036319773935e-01 9.566610918832095e-01 1.365312113146872e-02 4.419464577966675e-01
 196 7.369620626000000e+00 5.118758190000000e-02 6.267778698826700e-05 7.916930401883486e-03 -4.441793999999888e-03 1.301151267000000e-02 -3.231466722797467e-01 9.463488934819578e-01 1.374878156783309e-02 6.095496219861052e-01
 197 7.402250457000000e+00 6.292800965000001e-02 9.891898296468421e-05 9.945802278583875e-03 -4.897127000000445e-03 1.296032841000000e-02 -3.536923241261598e-01 9.353618229617005e-01 1.385467263793104e-02 7.716566742716621e-01
 198 7.434654602000000e+00 7.576961610000001e-02 1.407621332949338e-04 1.186432186409884e-02 -5.347609000000197e-03 1.290434338999999e-02 -3.828551600382024e-01 9.238083818802049e-01 1.396850028585921e-02 9.280699867610662e-01
 199 7.466811812000000e+00 8.967386866000000e-02 1.883485719303153e-04 1.372401442473431e-02 -5.779220000000862e-03 1.284372554000000e-02 -4.105981983446608e-01 9.118163847596285e-01 1.408405670856550e-02 1.082422865591921e+00
 200 7.498717300000000e+00 1.046076511000000e-01 2.405524033339870e-04 1.550975187854361e-02 -6.185684000000080e-03 1.277861940000000e-02 -4.369616603451795e-01 8.994801317363179e-01 1.419702101233091e-02 1.233076730568045e+00
 201 7.530409910000000e+00 1.205610196000000e-01 2.961621426153774e-04 1.720936206299866e-02 -6.588151999999958e-03 1.270906810000001e-02 -4.620172653234081e-01 8.868709300360901e-01 1.431514301631394e-02 1.379585083247578e+00
 202 7.561904484000000e+00 1.375165268000000e-01 3.517554821039639e-04 1.875514548341238e-02 -6.989397999999980e-03 1.263514789999998e-02 -4.857829174680389e-01 8.740794912914045e-01 1.443945380060890e-02 1.516558717696018e+00
 203 7.593148108000000e+00 1.554103047000000e-01 4.056733277056263e-04 2.014133381148394e-02 -7.352508000000313e-03 1.255713710000000e-02 -5.077362393210545e-01 8.615125717481510e-01 1.455126623831325e-02 1.641258699839603e+00
 204 7.624146225000000e+00 1.741650761000000e-01 4.580965034195565e-04 2.140318909460823e-02 -7.671418999999347e-03 1.247537280000000e-02 -5.270360386786387e-01 8.498429348614533e-01 1.464522171464644e-02 1.755344918269826e+00
 205 7.654928420000000e+00 1.936869676000000e-01 5.123387202116493e-04 2.263490049042958e-02 -7.950375000000065e-03 1.239026399999998e-02 -5.436876891520873e-01 8.392876126003906e-01 1.472151610369112e-02 1.866032291621708e+00
 206 7.685521602000000e+00 2.138906241000000e-01 5.711260351066203e-04 2.389824334771534e-02 -8.206767999999975e-03 1.230218289999999e-02 -5.580820896995009e-01 8.297857441271440e-01 1.478822622718370e-02 1.979110722726493e+00
 207 7.715875441000000e+00 2.346447917000000e-01 6.355887808982919e-04 2.521088615852866e-02 -8.407968999999405e-03 1.221170180000000e-02 -5.703941063824562e-01 8.213711483879618e-01 1.482619549548340e-02 2.093176550084045e+00
 208 7.746006197000000e+00 2.558608565000000e-01 7.026256925459174e-04 2.650708759079197e-02 -8.567110999999628e-03 1.211920699999997e-02 -5.807410503023914e-01 8.140883444035267e-01 1.484137820231056e-02 2.203049587069613e+00
 209 7.775930272000000e+00 2.774557735000000e-01 7.687778707390645e-04 2.772684386545040e-02 -8.694829000000404e-03 1.202506069999998e-02 -5.893741164725408e-01 8.078602297626812e-01 1.483907545976723e-02 2.304068078931376e+00
 210 7.805638757000000e+00 2.993367944000000e-01 8.322413089770743e-04 2.884859284223538e-02 -8.786870999999863e-03 1.192966680000002e-02 -5.964147395352277e-01 8.026764344772596e-01 1.481628179032032e-02 2.393601732506752e+00
 211 7.835128036000000e+00 3.214133097000000e-01 8.953261584825732e-04 2.992200124461218e-02 -8.837603999999999e-03 1.183342079999999e-02 -6.019479669402559e-01 7.985353123666433e-01 1.476918213531700e-02 2.474771522915213e+00
 212 7.864411321000000e+00 3.436138399000000e-01 9.590818248769993e-04 3.096904623776779e-02 -8.859246000000098e-03 1.173663400000002e-02 -6.061062136861411e-01 7.953837172906232e-01 1.470477162857368e-02 2.550199413894241e+00
 213 7.893502103000000e+00 3.658691510000000e-01 1.024477939632515e-03 3.200746693558418e-02 -8.867103000000043e-03 1.163960860000002e-02 -6.088912175651241e-01 7.932537331598640e-01 1.463226411641506e-02 2.622713575433784e+00
 214 7.922364928000000e+00 3.880733457000000e-01 1.091854288602042e-03 3.304321849641832e-02 -8.835003000000619e-03 1.154280599999996e-02 -6.103973272787432e-01 7.920953874698217e-01 1.453586560875901e-02 2.689745986730861e+00
 215 7.951012057000000e+00 4.101753260000000e-01 1.159740716299537e-03 3.405496610333855e-02 -8.781299999999881e-03 1.144644859999999e-02 -6.113135966220469e-01 7.913884549227498e-01 1.442671535792377e-02 2.751287293981004e+00
 216 7.979474672000000e+00 4.321912682000000e-01 1.226429115304171e-03 3.502040998195440e-02 -8.738422000000412e-03 1.135046650000004e-02 -6.124112522990021e-01 7.905393463057788e-01 1.432449832731308e-02 2.809238903566615e+00
 217 8.007749593000000e+00 4.541355476000000e-01 1.294510327444429e-03 3.597930415453346e-02 -8.709196999999946e-03 1.125479720000000e-02 -6.138784303520917e-01 7.894005781277665e-01 1.423093160037788e-02 2.867306492133201e+00
 218 8.035810943000000e+00 4.760093398000000e-01 1.366286108403779e-03 3.696330759555724e-02 -8.679456999999502e-03 1.115943480000003e-02 -6.157832905474268e-01 7.879155659603277e-01 1.413735697786399e-02 2.926355457541512e+00
 219 8.063649501000000e+00 4.978301146000000e-01 1.442355150363273e-03 3.797835107483305e-02 -8.644185999999721e-03 1.106430370000006e-02 -6.180670329539192e-01 7.861253988871869e-01 1.404061655289316e-02 2.986141002616176e+00
 220 8.091303784000001e+00 5.196437918000000e-01 1.521262946096797e-03 3.900337095812100e-02 -8.626965000001263e-03 1.096920379999999e-02 -6.206192333507593e-01 7.841120884128212e-01 1.395514570428847e-02 3.048067258202354e+00
 221 8.118771598000000e+00 5.414646066000000e-01 1.604633817482751e-03 4.005788084113725e-02 -8.621688999999932e-03 1.087407200000001e-02 -6.234897704857363e-01 7.818315074871592e-01 1.387722700009327e-02 3.112996911220834e+00
 222 8.146042981000001e+00 5.633024610000000e-01 1.691918365849228e-03 4.113293529337808e-02 -8.624368000001326e-03 1.077886669999994e-02 -6.266731986654672e-01 7.792821710230459e-01 1.380443892417290e-02 3.179775720964604e+00
 223 8.173096593000000e+00 5.851554486000000e-01 1.789757628948313e-03 4.230552716783367e-02 -8.616376000000869e-03 1.068359499999993e-02 -6.301029526064161e-01 7.765116026928874e-01 1.372513943433928e-02 3.251635851641775e+00
 224 8.199966742999999e+00 6.070640980000001e-01 1.894155885595128e-03 4.352190121760684e-02 -8.619350000000026e-03 1.058808069999995e-02 -6.338033585542434e-01 7.734942163231482e-01 1.365279216196724e-02 3.327494642178869e+00
 225 8.226651761999999e+00 6.290445030000000e-01 2.011930557738288e-03 4.485454890797909e-02 -8.628167999999548e-03 1.049225399999998e-02 -6.378129065347428e-01 7.701913374335649e-01 1.358420005110243e-02 3.412153727180496e+00
 226 8.253151252000000e+00 6.511111831000000e-01 2.142910532253977e-03 4.629158165643055e-02 -8.643397000000164e-03 1.039605069999994e-02 -6.419930937158577e-01 7.667104196638662e-01 1.351976157528825e-02 3.504766422852398e+00
 227 8.279446174000000e+00 6.732560613000000e-01 2.288751910222059e-03 4.784090206321426e-02 -8.642081999999718e-03 1.029950650000000e-02 -6.464465958794665e-01 7.629592378861729e-01 1.344474812005471e-02 3.601969717226281e+00
 228 8.305545454000001e+00 6.954906602000001e-01 2.461688945418814e-03 4.961541036229383e-02 -8.621465000000939e-03 1.020257119999990e-02 -6.502327421560672e-01 7.597350729222665e-01 1.335721000297971e-02 3.711251351321776e+00
 229 8.331458166000001e+00 7.177299508000000e-01 2.664832637772764e-03 5.162201698667696e-02 -8.564322000001567e-03 1.010561560000001e-02 -6.518993139282468e-01 7.583055350581855e-01 1.324621988071197e-02 3.829260891071678e+00
 230 8.357212860000001e+00 7.398633705000000e-01 2.892581276422829e-03 5.378272284314758e-02 -8.484392999999812e-03 1.000912130000009e-02 -6.513255923002305e-01 7.587983742831517e-01 1.312100726647574e-02 3.951827584520425e+00
 231 8.382755672000000e+00 7.617190802000000e-01 3.154387405060468e-03 5.616393331187255e-02 -8.338672000000713e-03 9.913837799999992e-03 -6.485350856661959e-01 7.611847624985276e-01 1.295418363110469e-02 4.074324271175843e+00
 232 8.408087437000001e+00 7.831669358000000e-01 3.452060364203303e-03 5.875423698937212e-02 -8.125429000001461e-03 9.820332800000053e-03 -6.434396509151515e-01 7.654968423384827e-01 1.274565694840986e-02 4.193623554019818e+00
 233 8.433265767000000e+00 8.041375395000000e-01 3.783840638010953e-03 6.151293065698425e-02 -7.888661000000852e-03 9.728907800000020e-03 -6.361253296868916e-01 7.715857469722621e-01 1.252486367150095e-02 4.314469994874027e+00
 234 8.458307947000000e+00 8.245341237000000e-01 4.150476763801474e-03 6.442419393210500e-02 -7.641032000000436e-03 9.639986099999942e-03 -6.264644538926560e-01 7.794499907043274e-01 1.230072201509138e-02 4.437798963388899e+00
 235 8.483160806000001e+00 8.442046857000000e-01 4.551309466074600e-03 6.746339352622724e-02 -7.354633000000277e-03 9.554229000000025e-03 -6.142653828218066e-01 7.890995117643775e-01 1.205693389444414e-02 4.555049385827318e+00
 236 8.507744229000000e+00 8.629816369000000e-01 4.983722406074008e-03 7.059548431786559e-02 -6.953753999999535e-03 9.472368000000064e-03 -5.991723026078201e-01 8.006201045362543e-01 1.175026505431398e-02 4.645287653286487e+00
 237 8.532329474000001e+00 8.809631199000000e-01 5.439147222727004e-03 7.375057438913275e-02 -6.558991000000347e-03 9.393974700000030e-03 -5.808294152722527e-01 8.140253008073477e-01 1.145658798825031e-02 4.731607690169355e+00
 238 8.556958675000001e+00 8.980507636000000e-01 5.913585837520731e-03 7.689984289659330e-02 -6.141233000001023e-03 9.319478300000017e-03 -5.583890611005602e-01 8.295792044423695e-01 1.116044272280229e-02 4.806123235423573e+00
 239 8.581634258999999e+00 9.141056151000000e-01 6.332088041654385e-03 7.957441826148895e-02 -5.718477000000277e-03 9.249484400000063e-03 -5.313719219298538e-01 8.471386430712350e-01 1.087423377772642e-02 4.845740630651275e+00
 240 8.606159471000000e+00 9.288699513999999e-01 6.675813092674076e-03 8.170564908667011e-02 -5.168223000000083e-03 9.185117300000045e-03 -4.991107280993981e-01 8.665382167545115e-01 1.053877071033315e-02 4.822031768194801e+00
 241 8.630732919000000e+00 9.423443604000000e-01 6.809901345755623e-03 8.252212640107878e-02 -4.617352000000352e-03 9.126373399999999e-03 -4.612052076459074e-01 8.872935007314635e-01 1.022731859100292e-02 4.726288434060735e+00
 242 8.655366317000000e+00 9.543945573000000e-01 6.638143863844630e-03 8.147480508626351e-02 -4.056551999999769e-03 9.073838800000011e-03 -4.160614780840126e-01 9.093364869257952e-01 9.938947718367544e-03 4.534733437452731e+00
 243 8.680058619000000e+00 9.648718077000000e-01 6.038833665309072e-03 7.770993286130848e-02 -3.508806000001030e-03 9.028161299999948e-03 -3.635762816039069e-01 9.315644301147811e-01 9.686032574768626e-03 4.215125270035214e+00
 244 8.704624219999999e+00 9.736277155000000e-01 5.053401050255433e-03 7.108727769619141e-02 -2.908194999999836e-03 8.989988499999990e-03 -3.080361927633424e-01 9.513746391132490e-01 9.448676380433087e-03 3.761411817616833e+00
 245 8.729223733000000e+00 9.808419993000000e-01 3.882861686115091e-03 6.231261257654899e-02 -2.366541999998972e-03 8.958536999999933e-03 -2.549208660598207e-01 9.669619186127812e-01 9.265845061690202e-03 3.233322475731215e+00
 246 8.753860373000000e+00 9.866556171000000e-01 2.761241038559399e-03 5.254751220142966e-02 -1.890816999999601e-03 8.933191399999929e-03 -2.048873406893887e-01 9.787855626362857e-01 9.131083237446765e-03 2.686967963859221e+00
 247 8.778503571000000e+00 9.912076104000000e-01 1.818427444229455e-03 4.264302339456544e-02 -1.473109999999167e-03 8.913346599999983e-03 -1.591126650552786e-01 9.872604316080974e-01 9.034184869408001e-03 2.157371757727169e+00
 248 8.803113259000000e+00 9.946411299000000e-01 1.102239635482947e-03 3.319999451028489e-02 -1.094411000000406e-03 8.898377099999966e-03 -1.177604589292505e-01 9.930420304865109e-01 8.965340805035905e-03 1.666835886856141e+00
 249 8.827720892000000e+00 9.971056868000000e-01 5.927017771286232e-04 2.434546728096676e-02 -7.724989999999821e-04 8.887633199999967e-03 -8.332726352522409e-02 9.965222361560216e-01 8.921094338344437e-03 1.216253977817661e+00
 250 8.852337033000000e+00 9.987944262000000e-01 2.705899457698526e-04 1.644961840803161e-02 -5.028389999992555e-04 8.880269800000007e-03 -5.339837548950156e-02 9.985732889953957e-01 8.894451007085217e-03 8.193378200867122e-01
 251 8.876952164000000e+00 9.997359941000000e-01 5.430174608454934e-05 7.368971847181216e-03 -2.802969999997629e-04 8.876164899999872e-03 -2.250313865617030e-02 9.997467723131799e-01 8.880224771550316e-03 3.664535074938949e-01
 252 8.901562751000000e+00 9.999944529000000e-01 1.093024826088615e-04 1.045478276239451e-02 -1.240360000007712e-04 8.875039100000093e-03 -2.911569836988189e-03 9.999957613715592e-01 8.875362621483253e-03 5.196239336124688e-01
 253 8.926172220000000e+00 1.000007403000000e+00 2.092232245490823e-04 1.446455061690761e-02 -4.656800000013561e-05 8.874983000000114e-03 7.702954028852573e-04 9.999997033224522e-01 8.874944495875598e-03 7.188836697438938e-01
 254 8.950781149999999e+00 9.999955997000000e-01 2.349483668810932e-04 1.532802553759267e-02 -1.619199999858267e-05 8.875034300000029e-03 1.568674165929090e-05 9.999999998769631e-01 8.875034044908352e-03 7.618057915292139e-01
 255 8.975390681000000e+00 1.000002018000000e+00 2.142720365899820e-04 1.463803390452358e-02 -5.042999999815834e-06 8.875006000000019e-03 -1.573315300842779e-04 9.999999876233947e-01 8.875006683580478e-03 7.275108329278969e-01
 256 9.000000000000000e+00 9.999996597000000e-01 1.958133319889642e-04 1.399333169723937e-02 -3.192999999512836e-06 8.875016299999983e-03 -5.621194665822772e-09 1.000000000000000e+00 8.875016300017932e-03 6.954698626655194e-01
